$ANSIBLE_VAULT;1.1;AES256
39663061373239616563623031383331306564633265383836386235393339363130396366366239
3938346536306636333766343234633861373762363462390a323963623231323535366134623863
35366437326638616263616636393831316431633831653738333631636433323731313330356631
3364656132396262370a323335653037303535383534373135626231613766663365633366376434
61653363353061636361636139643535623964636138323764386563333061383763336130346333
63666133313939353538663639366333363338303939363036623165303035383564346132353437
35623938363435306238333639366262353937656162393661653764396634326139633266333834
30346633383537326565633631323234356430333133306135643736613766336664643038323336
39373733633664303235666130363565656638633733353335316232623462393132663038616366
35396265663465323233353336663734353933613137653762336333636535396536643537653531
61643566396265666239353933663938393432353662633536366365326565396639633638613665
31303232323833306461366135346431613730356166353563623037623465663534653933323837
34383037613266623661323134346337393234353637366638666438646265653164343930646331
65646263373131353531353535343466323564333266306132363533323838323566316539626434
61613463303730333438643530386162396263626331316535383965323336626331626231353863
32326438316533663263343862313430646666616463303136636137626663616464626462383431
62343939323234336561323231396230383731633334343839366636623031303564623864316331
63626431613537656331626639323433646336636539393630353266353334336538636337393830
37376337373062623438333266636639663162313238373834366331383261373064383032653936
34366565633262313663396361333933333234396565626138626336353464633438653934376137
6532
